Volume "volumegrid" "integer nx" 10 "integer ny" 10 "integer nz" 10
	"point p0" [ -1 -1 -1 ] "point p1" [ 1 1 1 ]
	"float density" [
0.002 0.003 0.004 0.005 0.006 0.006 0.005 0.004 0.003 0.002 
0.003 0.005 0.007 0.009 0.010 0.010 0.009 0.007 0.005 0.003 
0.004 0.007 0.010 0.014 0.016 0.016 0.014 0.010 0.007 0.004 
0.005 0.009 0.014 0.019 0.022 0.022 0.019 0.014 0.009 0.005 
0.006 0.010 0.016 0.022 0.026 0.026 0.022 0.016 0.010 0.006 
0.006 0.010 0.016 0.022 0.026 0.026 0.022 0.016 0.010 0.006 
0.005 0.009 0.014 0.019 0.022 0.022 0.019 0.014 0.009 0.005 
0.004 0.007 0.010 0.014 0.016 0.016 0.014 0.010 0.007 0.004 
0.003 0.005 0.007 0.009 0.010 0.010 0.009 0.007 0.005 0.003 
0.002 0.003 0.004 0.005 0.006 0.006 0.005 0.004 0.003 0.002 
0.003 0.005 0.007 0.009 0.010 0.010 0.009 0.007 0.005 0.003 
0.005 0.008 0.012 0.016 0.019 0.019 0.016 0.012 0.008 0.005 
0.007 0.012 0.019 0.026 0.031 0.031 0.026 0.019 0.012 0.007 
0.009 0.016 0.026 0.038 0.046 0.046 0.038 0.026 0.016 0.009 
0.010 0.019 0.031 0.046 0.057 0.057 0.046 0.031 0.019 0.010 
0.010 0.019 0.031 0.046 0.057 0.057 0.046 0.031 0.019 0.010 
0.009 0.016 0.026 0.038 0.046 0.046 0.038 0.026 0.016 0.009 
0.007 0.012 0.019 0.026 0.031 0.031 0.026 0.019 0.012 0.007 
0.005 0.008 0.012 0.016 0.019 0.019 0.016 0.012 0.008 0.005 
0.003 0.005 0.007 0.009 0.010 0.010 0.009 0.007 0.005 0.003 
0.004 0.007 0.010 0.014 0.016 0.016 0.014 0.010 0.007 0.004 
0.007 0.012 0.019 0.026 0.031 0.031 0.026 0.019 0.012 0.007 
0.010 0.019 0.031 0.046 0.057 0.057 0.046 0.031 0.019 0.010 
0.014 0.026 0.046 0.073 0.094 0.094 0.073 0.046 0.026 0.014 
0.016 0.031 0.057 0.094 0.125 0.125 0.094 0.057 0.031 0.016 
0.016 0.031 0.057 0.094 0.125 0.125 0.094 0.057 0.031 0.016 
0.014 0.026 0.046 0.073 0.094 0.094 0.073 0.046 0.026 0.014 
0.010 0.019 0.031 0.046 0.057 0.057 0.046 0.031 0.019 0.010 
0.007 0.012 0.019 0.026 0.031 0.031 0.026 0.019 0.012 0.007 
0.004 0.007 0.010 0.014 0.016 0.016 0.014 0.010 0.007 0.004 
0.005 0.009 0.014 0.019 0.022 0.022 0.019 0.014 0.009 0.005 
0.009 0.016 0.026 0.038 0.046 0.046 0.038 0.026 0.016 0.009 
0.014 0.026 0.046 0.073 0.094 0.094 0.073 0.046 0.026 0.014 
0.019 0.038 0.073 0.125 0.175 0.175 0.125 0.073 0.038 0.019 
0.022 0.046 0.094 0.175 0.265 0.265 0.175 0.094 0.046 0.022 
0.022 0.046 0.094 0.175 0.265 0.265 0.175 0.094 0.046 0.022 
0.019 0.038 0.073 0.125 0.175 0.175 0.125 0.073 0.038 0.019 
0.014 0.026 0.046 0.073 0.094 0.094 0.073 0.046 0.026 0.014 
0.009 0.016 0.026 0.038 0.046 0.046 0.038 0.026 0.016 0.009 
0.005 0.009 0.014 0.019 0.022 0.022 0.019 0.014 0.009 0.005 
0.006 0.010 0.016 0.022 0.026 0.026 0.022 0.016 0.010 0.006 
0.010 0.019 0.031 0.046 0.057 0.057 0.046 0.031 0.019 0.010 
0.016 0.031 0.057 0.094 0.125 0.125 0.094 0.057 0.031 0.016 
0.022 0.046 0.094 0.175 0.265 0.265 0.175 0.094 0.046 0.022 
0.026 0.057 0.125 0.265 0.500 0.500 0.265 0.125 0.057 0.026 
0.026 0.057 0.125 0.265 0.500 0.500 0.265 0.125 0.057 0.026 
0.022 0.046 0.094 0.175 0.265 0.265 0.175 0.094 0.046 0.022 
0.016 0.031 0.057 0.094 0.125 0.125 0.094 0.057 0.031 0.016 
0.010 0.019 0.031 0.046 0.057 0.057 0.046 0.031 0.019 0.010 
0.006 0.010 0.016 0.022 0.026 0.026 0.022 0.016 0.010 0.006 
0.006 0.010 0.016 0.022 0.026 0.026 0.022 0.016 0.010 0.006 
0.010 0.019 0.031 0.046 0.057 0.057 0.046 0.031 0.019 0.010 
0.016 0.031 0.057 0.094 0.125 0.125 0.094 0.057 0.031 0.016 
0.022 0.046 0.094 0.175 0.265 0.265 0.175 0.094 0.046 0.022 
0.026 0.057 0.125 0.265 0.500 0.500 0.265 0.125 0.057 0.026 
0.026 0.057 0.125 0.265 0.500 0.500 0.265 0.125 0.057 0.026 
0.022 0.046 0.094 0.175 0.265 0.265 0.175 0.094 0.046 0.022 
0.016 0.031 0.057 0.094 0.125 0.125 0.094 0.057 0.031 0.016 
0.010 0.019 0.031 0.046 0.057 0.057 0.046 0.031 0.019 0.010 
0.006 0.010 0.016 0.022 0.026 0.026 0.022 0.016 0.010 0.006 
0.005 0.009 0.014 0.019 0.022 0.022 0.019 0.014 0.009 0.005 
0.009 0.016 0.026 0.038 0.046 0.046 0.038 0.026 0.016 0.009 
0.014 0.026 0.046 0.073 0.094 0.094 0.073 0.046 0.026 0.014 
0.019 0.038 0.073 0.125 0.175 0.175 0.125 0.073 0.038 0.019 
0.022 0.046 0.094 0.175 0.265 0.265 0.175 0.094 0.046 0.022 
0.022 0.046 0.094 0.175 0.265 0.265 0.175 0.094 0.046 0.022 
0.019 0.038 0.073 0.125 0.175 0.175 0.125 0.073 0.038 0.019 
0.014 0.026 0.046 0.073 0.094 0.094 0.073 0.046 0.026 0.014 
0.009 0.016 0.026 0.038 0.046 0.046 0.038 0.026 0.016 0.009 
0.005 0.009 0.014 0.019 0.022 0.022 0.019 0.014 0.009 0.005 
0.004 0.007 0.010 0.014 0.016 0.016 0.014 0.010 0.007 0.004 
0.007 0.012 0.019 0.026 0.031 0.031 0.026 0.019 0.012 0.007 
0.010 0.019 0.031 0.046 0.057 0.057 0.046 0.031 0.019 0.010 
0.014 0.026 0.046 0.073 0.094 0.094 0.073 0.046 0.026 0.014 
0.016 0.031 0.057 0.094 0.125 0.125 0.094 0.057 0.031 0.016 
0.016 0.031 0.057 0.094 0.125 0.125 0.094 0.057 0.031 0.016 
0.014 0.026 0.046 0.073 0.094 0.094 0.073 0.046 0.026 0.014 
0.010 0.019 0.031 0.046 0.057 0.057 0.046 0.031 0.019 0.010 
0.007 0.012 0.019 0.026 0.031 0.031 0.026 0.019 0.012 0.007 
0.004 0.007 0.010 0.014 0.016 0.016 0.014 0.010 0.007 0.004 
0.003 0.005 0.007 0.009 0.010 0.010 0.009 0.007 0.005 0.003 
0.005 0.008 0.012 0.016 0.019 0.019 0.016 0.012 0.008 0.005 
0.007 0.012 0.019 0.026 0.031 0.031 0.026 0.019 0.012 0.007 
0.009 0.016 0.026 0.038 0.046 0.046 0.038 0.026 0.016 0.009 
0.010 0.019 0.031 0.046 0.057 0.057 0.046 0.031 0.019 0.010 
0.010 0.019 0.031 0.046 0.057 0.057 0.046 0.031 0.019 0.010 
0.009 0.016 0.026 0.038 0.046 0.046 0.038 0.026 0.016 0.009 
0.007 0.012 0.019 0.026 0.031 0.031 0.026 0.019 0.012 0.007 
0.005 0.008 0.012 0.016 0.019 0.019 0.016 0.012 0.008 0.005 
0.003 0.005 0.007 0.009 0.010 0.010 0.009 0.007 0.005 0.003 
0.002 0.003 0.004 0.005 0.006 0.006 0.005 0.004 0.003 0.002 
0.003 0.005 0.007 0.009 0.010 0.010 0.009 0.007 0.005 0.003 
0.004 0.007 0.010 0.014 0.016 0.016 0.014 0.010 0.007 0.004 
0.005 0.009 0.014 0.019 0.022 0.022 0.019 0.014 0.009 0.005 
0.006 0.010 0.016 0.022 0.026 0.026 0.022 0.016 0.010 0.006 
0.006 0.010 0.016 0.022 0.026 0.026 0.022 0.016 0.010 0.006 
0.005 0.009 0.014 0.019 0.022 0.022 0.019 0.014 0.009 0.005 
0.004 0.007 0.010 0.014 0.016 0.016 0.014 0.010 0.007 0.004 
0.003 0.005 0.007 0.009 0.010 0.010 0.009 0.007 0.005 0.003 
0.002 0.003 0.004 0.005 0.006 0.006 0.005 0.004 0.003 0.002 
]
